1
1 242
1 246
1 264
1 268
1 284
1 340
1 345
1 441
1 473
1 649
1 664
1 670
1 671
1 684
1 721
1 758
1 767
1 784
1 787;1 939
1 808
1 809;1 829;1 849
1 868
1 869
1 876
20
211
212
213
216
218
220
221
222
223
224
225
226
227
228
229
230
231
232
233
234
235
236
237
238
239
240
241
242
243
244
245
246
247
248
249
250
251
252
253
254
255
255 24
256
257
258
260
261
262
262 269;262 639
263
264
265
266
267
268
269
27
290
290 8
291
297
298
299
30
31
32
33
34
350
351
352
353
354
355
356
357
358
358 18
359
36
370
371
372
373
373 2;373 5
374
374 47;374 97
375
376
377
378
379;39 06 698
380
381
382
383
385
386
387
389
39
40
41
420
421
423
43
44
44 1481;44 7781;44 7839;44 7911
44 1534
44 1624;44 7524;44 7624;44 7924
44 28
45
46
47
47 79
48
49
500
501
502
503
504
505
506
507
508
509
51
52
53
54
55
56
57
58
590
591
592
593
594
595
596
597
598
599 3
599 3;599 4;599 7
599 4
599 7
599 9
60
61
61 89162
61 89164
62
63
64
65
66
670
672
672 1
672 3
673
674
675
676
677
678
679
680
681
682
683
685
686
687
688
689
690
691
692
7
7 6;7 7
800
808
81
82
84
850
852
853
855
856
86
870
878
880
881
881 0;881 1
881 2;881 3
881 6;881 7
881 8;881 9
882 13
882 16
882;883
886
888
90
90 392
91
92
93
94
95
960
961
962
963
964
965
966
967
968
970
971
972
973
974
975
976
977
979
98
992
993
994
995
995 34
996
998